326 368 422 570 899
80 472 737 833 885
73 188 319 456 707 756 767 825
19 80 277 720 732 772 833 885
259 571
247 443 470 634
3 168 231 722 737 756
8 14 25 66 100 163 518 571 767 782 876 902 903
73 188 319 456 707 756 767 825
86 194 387 669 676
97 144 318 595 622 794 830 870
203 613 647
25 80 414 571 870
19 40 80 277 472 732 737 833 885
326 707 807
39 85 310 336 405 518 886
48 322 359 480 622 647
97 138 144 318 359 595 622 685 794 830 870
73 188 319 456 707 756 767 825
63 432 435 729 965
248 261 395 480 629 634 714 950 998
14 66 163 518 902 903
148 326 368 422 570 876 899
19 277 732 833 885
3 111 451 487 488 523
3 80 247 472 571 601 722 732 737 740 885
12 51 69 243 293 299 600 800
14 518 902
85 404 475 886
36 124 254 587 682 827 950
3 28 35 263 336 518 722 744 764
63 405 432 435 729 799 965 973
79 444 477 668
19 277
48 95 293 322 480 647 963
3 28 263 326 336 368 422 518 570 744 899
595 764
48 299 456 497 707 756 767 797 825 910 994
326 368 422 570 899
12 51 69 243 293 299 600 800 961
36 569 662 845 904 994
19 277
3 80 111 168 231 451 472 487 488 523 732 737 833 885
97 144 318 595 622 713 794 830 870
104 116 371 378 471 607 705 713 973
3 35 111 263 336 487 488 523 744
168 737 756
86 194 387 669 676 807
8 100 395 714 782 876
210 623 714 778
203 613 647
19 277
69 506 662 720 800
48 259 299 449 491 649 782 797 874
19 248 261 277 395 714
80 472 732 737 833 885
210 404 475 623 714 778
210 623 714 778
720 800
23 48 95 293 322 480 553 565 647 846 963
19 277
3 506 722
12 51 69 243 293 600 800
119 291 472 528 634 837
79 210 444 477 668 714 899
19 69 277 662
148 772 876
3 722
25 80 414 571 808 870
3 623 714
318 331 350 610
3 28 35 263 336 518 744
14 66 163 518 903
80 472 732 737 833 885
3 111 451 487 488 523
97 144 318 595 622 794 830 870
3 28 35 263 336 518 744
14 66 163 518 903
472 732 833
80 472 732 737 833 885
42 212 238 259 677 767
3 28 35 263 336 518 744
3 67 359 722
19 48 95 277 293 322 480 647 963
25 80 414 571 808 870
3 111 191 451 473 486 487 523 682 827 886 941
248 261 326 368 395 422 570 714 899
3 19 111 277 451 487 488 523
14 66 163 518 902 903
80 97 144 318 472 595 732 737 794 830 833 870 885
3 28 35 263 744
48 322 359 480 622 647
432 472 938
73 188 319 456 707 756 767 825
42 212 259 677 767
85 886
210 623 714 778
3 28 35 336 518 744
80 472 732 737 833 885
25 69 80 307 443 470 571 662 723 973
14 66 80 163 472 518 732 737 833 902 903
80 404 475 732 737 833 885
8 100 123 188 782 820 829 863 876
19 212 961
40 138 359 405 685 780 858 944
73 188 319 456 707 756 767 825
73 188 319 456 707 756 767 825
48 322 359 480 622 647
14 42 66 163 212 518 767 902 903
48 470 610 885 973
3 63 111 192 395 451 487 488
48 470 475 610 885 973
19 277
3 80 472 722 732 737 833 885
3 111 451 475 487 488 523
148 772 876
3 111 451 487 488 523
203 613 647
19 277 595 764
14 66 163 518 902 903
26 168 231 238 570 628 722 756
79 444 477 518 668
19 277
307 443 470 723 973
12 51 243 293 299 600
48 95 293 322 480 647 963
248 261 395 714
19 25 80 212 414 472 571 732 737 808 870 885
97 138 144 318 359 595 622 685 794 830 870
80 472 732 737 833 885
80 472 732 737 833 885
203 613 647 738 764
12 26 51 69 238 243 293 299 570 628 767 800
432 908
168 231 737 756
432 472 767 938
86 194 387 669 676 807
14 48 66 95 163 322 480 518 647 902 903 963
247 432 435 571 601 729 740 799 965
63 192 395 506
210 623 714 778
19 277 475 720 800
48 144 322 359 439 480 622 647
97 144 318 595 622 794 830 870
12 51 69 243 293 299 600 720 800
97 144 595 622 794 830 870
326 707 807
71 266 338 402 738
19 277
3 144 439 451 487 488 523 705 713
26 97 144 238 318 570 595 622 628 794 830 870
138 326 359 368 422 570 685 899
14 19 66 163 248 261 277 395 405 714 732 902 973
191 473 486 682 827 886 941
12 51 69 243 293 299 600
480 634 950 998
48 95 293 322 480 647 963
3 111 451 487 488 523 767
19 97 144 277 318 595 622 629 634 794 830 870 950
14 66 163 518 902 903
80 472 737 833 885
26 238 570 628
36 63 432 435 569 662 729 799 845 904 965 994
19 247 571 601 740
19 277 326 368 422 570 899
40 405 647 705 713 738 764 780 858 944
326 368 422 570 899
3 111 402 451 487 488 523
307 443 470 723 973
598 628 729
42 259 677 767
63 192 203 395 404 475 613 647
432 443 470 472 723 767 938 973
95 209 281 377 647 709 767
73 188 319 456 707 756 767 825
248 261 395 714
3 111 451 487 488 523
8 100 782 876
720 800
97 144 318 595 622 794 830 870
80 472 732 737 833 885
63 432 435 729 799 965
14 66 163 518 902 903
39 48 310 336 405 470 518 610 885 973
42 85 212 238 259 677 886
97 144 318 595 622 767 794 830 870
3 28 35 263 336 518 720 744
168 231 475 518 737 756
326 368 422 570 899
19 277 767 899
138 359 598 685 729
28 203 571 613 647 915
69 506 662 767 800
3 111 451 488 523
318 331 350 610
326 707 771 807
23 327 527 553 565 846
238 628
73 319 707 756 767 825
169 432 647
212 238 326 368 422 570 677 767 899
172 978
197 418 662
48 259 299 449 491 649 782 797 874
168 231 722 737 756
14 66 163 518 623 714 778 902 903
214 247 571 601 662 737 740 773 885
69 662
247 405 571 601 732 740 973
3 67 359 722 961
40 405 780 858 944
97 326 368 422 570 595 794 830 870 899
19 277
48 299 497 797
19 169 277 423 647
19 172 277 732 961 978
214 662 737 773 885
26 238 570 628
3 28 35 263 336 506 518 744
247 601 740
623 778
480 629 634 950 998
19 259 277 571
80 472 732 737 833 885
3 111 326 451 487 488 523 707 771 807
97 144 318 595 622 794 830 870
172 978
3 111 443 451 470 487 488 523 723 973
247 571 601 740
432 472 767 938
3 111 451 487 488 523
19 97 144 277 318 595 622 794 830 870
248 261 395 432 707 714 908
80 472 518 732 737 833 885
374 506 671 785 807 874
42 212 238 259 677 720 767
14 66 163 518 902 903
86 194 318 331 350 387 610 669 676 807
277 480 629 634 950 998
961
73 188 319 456 707 756 767
203 613 647
14 66 163 903
36 397
3 111 451 487 488 523
19 277
326 368 422 570 899
3 67 359 722
80 472 732 737 833 885
69 662
326 707 771 807
111 451 487 488 523
48 80 322 472 480 647 732 833 885 963
80 472 732 737 833 885
80 472 732 737 833 885
707 767 783 863 992
14 66 163 518 902
80 85 247 472 571 601 732 737 740 764 833 885 886
247 472 571 601 732 737 740 833 885
19 277
95 209 247 281 374 377 443 470 634 647 709
48 497 797 994
42 212 259 677
19 203 277 613 647
19 277
147 764 857
247 571 601 740
63 86 194 387 432 435 669 676 720 729 799 800 807 965
19 80 472 732 833 885
307 443 470 723 973
42 212 238 259 677 767
73 188 319 456 707 756 767 825
261 395 432 472 714 767 938
214 348 517 752 833 961
97 144 318 622 830 870
172 480 629 634 950 978 998
73 188 319 456 506 707 756 767 825
8 95 100 248 261 395 647 714 782 876
26 238 480 570 628 629 634 950 998
720 800
42 97 144 212 238 248 259 261 318 395 595 622 767 794 830 870
326 368 422 570 571 601 740 899
3 28 35 263 374 518 671 807 874
3 111 451 487 488 523
326 368 422 570 899
214 662 737 773 885
168 231 307 443 470 723 737 756 973
432 472 767 938
3 111 451 487 488 523
80 472 737 833 885
97 144 203 318 595 613 622 647 764 794 830 870
19 212 307 443 470
48 95 293 322 480 647 963
63 326 432 435 707 729 771 799 807 965
3 111 248 261 395 451 487 488 523 714
63 192 247 395 571 601 740
80 571
73 188 456 707 756 825
326 368 422 570 899
19 212 432 472 767 938
405 732 973
307 443 470 723 973
3 111 451 487
80 432 472 732 737 885 908
80 472 732 737 833 885
19 277
647
80 472 732 737 833 885
19 104 116 277 371 378 471 607 705 713 973
148 772 876
40 405 780 858 944
3 402 518 722 778
8 69 100 662 782 876
80 472 506 732 737 833
28 634 915 998
3 451 488 523
720 800
63 432 435 729 799 965
14 66 123 163 188 518 820 829 902 903
80 472 732 737 833 885
19 277 326 368 422 570 899
86 168 194 231 387 669 676 722 737 756 807
377 707 783 863 992
40 405 432 705 780 858 908 944
3 80 111 451 472 487 488 523 732 737 833
69 662
247 259 571 601 677 740 767
80 402 737 885
80 472 732 737 833 885
26 203 238 570 613 628
40 85 247 405 571 740 780 858 944
705 713
95 209 281 374 377 647 709
3 28 35 263 336 518 744
3 111 451 487 488 523
405 732 973
19 277 722 737 756 800
318 331 350 610
248 261 395 480 629 634 714 950 998
48 95 248 261 293 322 395 480 647 714 963
69 404 475 662
432 472 767 899 938
472 767
3 28 35 263 336 518 744
377 783 863 992
19 210 277 714
48 210 299 497 623 714 778 797 910 994
48 95 293 322 480 647
210 623 714 778
97 144 318 595 622 794 830 870
247 571 601
36 148 397 662
80 432 472 732 737 767 833 885 938
85 720 800 886
14 66 163 518 902 903
3 326 707 722 771 807
80 472 732 737 833 885
48 95 293 322 480 647 963
39 310 336 405 518
307 402 470 723 767 778 973
3 248 261 395 714 722
42 212 238 259 677 767
144 439 647 705 713 738
97 144 318 595 794 830 870
19 212
80 732 737 885
111 451 487 488 523
3 111 451 487 488 523
307 443 470 723 973
326 368 422 570 899
19 277
377 707 783 863 992
48 259 277 299 307 443 449 491 649 782 797 874 973
247 571 740
248 261 395 714 767
14 66 163 902 903
85 247 326 472 571 601 707 740 767 771 807 886 938
19 69 277 326 662 771 807
307 443 470 973
3 28 35 263 336 518 744
3 111 307 443 451 470 487 488 523 723 973
42 212 238 259 598 628 677 720 729 767 800
14 66 163 518 720 902 903
86 194 387 669 676 807
138 685
326 368 422 570 899
432 472 767 938
85 886
95 209 281 374 377 647 709
63 326 368 422 432 435 518 570 707 729 771 799 807 899 965
475
80 472 732 885
210 623 705 713 714
144 148 439 598 729 876
23 248 261 327 395 527 553 565 714 846
48 293 322 480
247 571 601 740
73 188 319 456 707 756 767 825
19 79 444 477 668
14 66 163 518 903
210 623 714 778
3 28 35 263 336 518 744
19 168 231 722 737 756
80 326 472 707 732 737 771 807 833 885
23 327 527 553 846
248 261 395 405 714 732 973
63 85 432 435 729 799 886 965
3 28 35 263 336 518 744
14 66 163 518 902 903
73 188 456 707 756 767 825
326 475 707 767 771 807
26 238 395 570 628 714
19 123 188 277 820 829 863
14 66 163 518 902 903
73 188 319 707 756 767 825
374 671 785 807 874
14 66 163 518 902
247 601 740
19 144 277 439
48 95 293 299 322 480 497 647 797 910 963 994
326 368 422 570 899
326 368 422 570 899
14 66 163 518 902 903
138 359 685
247 571 601 720 740 767 800
19 277 318 331 350 432 610 908
169 423 432 647
97 144 318 595 622 794 830 870
42 212 238 677 767
191 402 473 486 682 778 827 886 941
247 571 601 740 994
14 66 138 163 326 359 368 422 432 472 570 685 767 899 902 903
238 395
40 188 248 261 395 714 858 863 944
14 66 163 277 518 863 902 903
326 707 771 807
80 247 472 571 732 737 833 885 899
259 377 571 705 707 713 783 863 992
3 80 472 722 732 737 833 885
247 326 368 422 518 570 571 601 740 899
377 707 783 863 992
3 28 35 263 518 744
48 95 209 281 293 322 374 480 647 709 963
73 188 319 456 756 767 825
119 291 472 528 634 837
248 261 326 395 707 714 771 807
377 707 767 783 863 992
80 472 732 737 833 885
36 569 662 845 904 994
247 571 601 740
97 144 318 595 622 794 830 870
138 359 685
19 277 647 738 764
307 443 470 723 973
326 368 422 570 899
767
326 368 402 422 570 899
168 231 247 571 601 737 740 756
19 73 188 277 319 456 707 756 767 825 899
780 858
48 95 293 322 480 647 963
169 423 432 647
138 359 685
14 66 163 518 902 903
97 144 318 595 622 794 830 870
326 707 771 807
248 261 395 714
80 472 732 737 833 885
73 188 319 707 825
80 405 732 737 885 973
144 439 571 601 740
48 322 359 480 647
63 432 435 729 799 965
598 628 729
80 238 395 472 732 737 833 885
3 111 451 487 488 523
374 671 785 807 874
212
48 95 293 322 480 647 963
19 80 277 472 720 732 737 800 833 885
63 192 395
248 261 714
14 66 163 518 902 903
3 111 210 451 487 488 523 623 714 778
19 188 277 863
12 51 69 243 293 299 600 800
42 73 188 212 238 319 456 707 756 767 825
480 629 634 950 998
3 19 277
80 472 732 737 833 885
97 144 248 261 318 395 595 622 714 794 830
713
707 783 863 992
14 66 163 518 902 903
48 95 293 322 480 963
69 191 473 486 662 671 682 827 886 941
172 978
73 188 319 456 707 756 767 825
69 472 622 662 732 737 833 885
48 299 374 497 673 682 797 800 910 961 994
26 238 570 628
97 144 318 595 622 794 830 870
432 472 767 938
42 212 259 677 767
73 188 319 456 707 756 767 825
73 188 319 456 707 756 767 825
19 277 299 395 497 714 910 994
80 472 595 732 737 764 833 885
326 368 422 570 899
377 707 767 783 863 992
647 738 764
506 595 764
97 144 318 595 622 794 830 870
80 472 613 647 732 737 833 885
247 571 601 740
402 475 778
63 192 395
14 66 163 518 902 903
14 66 518 902 903
19 677 767
80 404 472 475 732 737 767 833 885
26 163 238 518 570 628 903
71 266 402 738
432 472 767 938
326 368 422 570 899
571 601 740
247 443 470 634
12 14 51 69 243 293 299 518 600 800
95 322 480 647 963
80 472 732 737 833 885
36 397 662
25 247 571 601 740 961
36 397 662
138 248 261 359 395 685 714
26 238 570 628
14 518 671 902
472 595 732 737 764 833
80 472 732 737 833 885
405 732 973
3 28 263 336 518 744 767
3 404 475 722
3 111 451 487 488 523 598 628 729
48 85 95 293 322 480 647 886 963
19 85 238 277 395 720 800 886 899
3 111 210 451 487 488 523 623 714 778
432 767
405 732 973
203 318 331 350 610 613 647 671
42 95 212 259 322 480 647 767
3 111 451 487 488 523
14 66 163 518 902 903
475
247 571 740
326 368 422 570 899
203 247 326 368 422 570 601 647 740 899
148 767 772 876 961
48 359 480 622 647
3 405 722 732 973
480 629 634 950 998
14 66 163 518 902 903
48 299 497 570 628 797 803 826 883 910 994
123 188 820 829 863
14 66 247 518 571 601 740 902 903
767
73 188 319 456 707 756 767 825
80 472 732 737 885
8 100 782 876
80 405 472 732 737 833 885 973
19 277
3 111 451 487 488 523
19 247 277 571 601 740
19 277
168 231 722 737 756
63 432 729 799
19 80 277 472 732 737
97 144 248 261 318 395 595 622 714 794 830 870
402 778
404 475
247 571 598 601 628 729 740
3 28 35 263 336 518 744
598 729
48 95 293 322 480 647 963
432 595 764
19 277
387 669 807
97 144 318 595 622 794 830 870
69 248 261 395 662 705 713 714
73 247 571 601 707 740
210 623 714 778
80 472 732 737 833 885
97 144 318 595 622 671 794 830 870
48 95 293 322 480 647 963
405 732 973
191 473 486 682 827 886 941
8 100 782 876
14 66 73 163 188 319 456 518 707 756 767 825 903
97 144 318 595 622 794 830 870
80 732 737 833 885
79 86 194 387 444 477 668 669 676 807
432 713 767 938
73 188 319 456 707 756 767 825
48 95 293 322 480 647 963
97 144 318 595 622 794 830 870
432 506 908
720 800
172 210 475 623 714 778
36 397 647 738 764 767 863
106 144 559 595 622 628 794 808 870
475 506
73 188 319 456 707 756 767 825
432 908
3 111 451 487 488 523
14 66 163 261 518 673 902 903 926
19 63 212 432 435 729 799 965
203 613 647 738 764
14 40 66 163 518 705 713 780 858 902 903
80 732 737 833 885
480 629 767 950 998
97 144 318 595 622 830 870
480 629 634 800 950 998
19 277 998
26 238 570 628
247 326 443 470 475 707 771 807 899
404 475 800
26 238 570 628
42 212 238 259 677 767
97 144 318 595 622 794 830 870
3 28 35 744
63 432 435 729 799 965
212 247 443 470 634
40 48 95 293 480 780 858 944 963
214 475 662 720 737 773 800 885
3 247 571 601 722 740
326 368 422 570 647 738 764 899 961
19 25 80 144 277 439 571
48 63 95 293 322 480 647 963
8 100 248 261 395 405 714 732 782 876
48 95 248 261 293 322 395 480 570 628 647 714 803 826 883 963
48 95 293 322 480 647 963
42 212 238 259 318 331 350 610 677 767
713
3 48 95 111 293 322 451 480 487 488 523 647 963
147 326 707 764 771 807 857
69 559 628 662 808
97 144 318 595 622 794 830 870
3 111 451 487 488 523
247 571 601 740 973
42 212 238 571 601 677 740 767
73 319 456 707 756 767 825
28 238 318 331 350 395 571 610 915
439 571
705 713
48 322 359 480 622 647
480 629 950 998
79 444 477 668
326 707 807
318 331 350 610
3 111 451 487 488 523 595 764
14 66 163 518 902 903
25 80 248 261 395 414 571 714 808 870
42 212 238 259 677 767
3 28 336 506 518 713 744
277 598 628 729
14 66 69 163 518 662 902 903
405 732 973
39 310 336 405 518
25 80 326 414 571 808 870
42 212 238 259 707 767 771 807
247 405 443 470 634 767 973
248 261 395 714
19 40 168 277 737 944
63 85 432 435 729 799 965
48 322 647 963
374 673 800 961
14 66 163 518 902 903
259 318 331 350 610 722
19 80 277 472 732 737 833 885
203 326 368 422 570 613 647 778 899
326 368 422 506 570 720 800 899
48 322 359 480 622 647
123 188 480 634 820 829 863 950 998
73 188 319 456 707 756 767 825
19 48 277 299 497 598 628 729 797 910 994
19 48 69 277 299 497 506 662 797 910 994
169 423 432 439 461 571 647
95 209 281 374 377 647 709
80 472 732 737 833 885 899
95 209 281 374 377 647 709
48 322 359 480 622 647
23 327 527 553 565 846
19 40 144 277 405 439 780 858 944
247 518 571 601 740
732 973
3 67 359 405 722 732 973
48 259 299 449 491 649 782 797 874
12 51 69 243 293 299 800
247 443 470 634
25 80 414 571 808 870
19 277
19 210 277 623 732
705 713
97 144 318 595 622 794 830 870
402 705 961
97 144 318 595 622 794 830 870
3 85 111 451 487 488 523 886
48 95 293 322 480 647
3 111 451 475 487 488 523
259 571
473 486 682 827 886 941
3 67 359 595 722 764
480 629 634 950 998
42 69 163 212 238 259 475 518 662 677 767 902 903
3 85 111 451 487 488 523 720 764 886
40 405 671 705 713 767 961
73 319 456 707 756 767 825
69 168 318 331 350 610 662 722 737 756
671 785 807
19 277
80 169 423 432 472 647 732 737 833 885
899
42 212 238 259 677 767
97 144 318 595 622 794 830 870
14 66 163 261 395 714 902 903
138 359 685
36 79 444 477 569 662 668 767 845 904 994
48 259 299 449 491 649 782 797 874
247 571 601 713 740
80 732 737 833 885
3 111 203 451 487 488 523 613 647
73 188 319 456 518 671 707 756
97 138 144 318 359 595 622 685 794 830 870
14 66 80 163 472 475 518 732 737 833 885 902
475
480 595 634 950 998
8 100 782 876
39 310 336 405 518
86 194 377 387 669 671 676 807 863 992
40 326 405 707 771 780 858 944
3 28 35 263 336 518 720 744
80 472 732 833 885
247 571 601 740
80 732 737 833 885
63 80 432 435 472 729 737 799 833 885 965
247 326 571 601 707 740 771 807
506
97 144 318 595 622 794 830 870
63 192 307 395 443 470 723 973
80 472 732 737 833 885
3 111 451 487 488 523
432 472 767 938
40 405 780 858
203 613 647
23 327 527 553 565 846
247 571 601 740
26 238 423 432 570 628 647
212 238 259 677 767
14 66 214 238 326 395 518 662 737 771 773 885 902 903
26 238 405 570 628 732 973
647 738 764
3 111 451 487 488 523
69 662
326 707 771 782 807 876
80 732 737 833 885
432 472 767 938
42 210 259 623 714 767 778
123 188 820 829 863
432 472 767 938
326 368 422 570 899
307 443 470 723 973
475 722
80 472 732 737 833
48 80 95 293 322 472 737 833 885 963
318 331 350 610
3 28 35 48 263 336 497 518 744 797 910 994
259 432 472 571 767 938
97 144 318 595 622 767 794 830 870
402 767 778
3 111 451 487 488 523
248 261 395 714
480 629 634 950 998
405 713 732 973
277
326 368 422 570 899
210 623 714 778
326 368 422 570 899
248 261 395 714
36 480 569 629 634 662 845 904 950 994 998
248 395 714
720 800
80 472 732 737 885
80 210 472 623 714 732 737 778 833 885
203 647
97 144 318 595 622 794 830 870
85 705 886
48 322 359 480 622 647
73 188 319 456 707 756 767 825
48 293 480 647 963
3 28 35 263 336 518 744
48 95 97 144 293 318 322 480 595 622 647 794 830 870 963
14 66 148 163 247 307 443 470 518 571 601 720 723 740 767 800 876 973
123 188 259 299 449 491 649 707 782 797 807 820 829 863 874
19 277 647 738 764
14 163 518 902 903
48 322 359 480 622 647
26 238 432 472 570 628 767 938
48 95 293 322 480 647 963
66 163 518 902 903
19 79 277 444 477 668
247 571 601 740
518
191 473 486 682 827 886 941
14 66 69 163 518 662 705 902
3 111 451 487 488 523
48 95 293 322 480 647 963
40 191 247 405 473 486 571 601 740 886 944
318 331 350 610
203 613 647
48 80 322 472 732 737 833 885
19 277
191 473 480 486 629 682 827 886 941 950 998
432 472 705 767 938
19 48 259 277 299 449 491 649 782 797 874
144 212 238 259 439 571 601 677 767